

-0.58443,-0.37459,-0.58850,0.41447



-0.58449,-0.37470,-0.58847,0.41433



-0.58452,-0.37479,-0.58854,0.41412



-0.58447,-0.37480,-0.58857,0.41412



-0.58442,-0.37481,-0.58867,0.41405



-0.58439,-0.37481,-0.58874,0.41399



-0.58433,-0.37484,-0.58886,0.41389



-0.58423,-0.37491,-0.58893,0.41385



-0.58415,-0.37493,-0.58905,0.41379



-0.58407,-0.37494,-0.58922,0.41364



-0.58397,-0.37504,-0.58925,0.41366



-0.58388,-0.37506,-0.58925,0.41377



-0.58389,-0.37512,-0.58922,0.41373



-0.58392,-0.37527,-0.58919,0.41360



-0.58391,-0.37542,-0.58917,0.41350



-0.58389,-0.37547,-0.58920,0.41344



-0.58376,-0.37542,-0.58932,0.41351



-0.58365,-0.37534,-0.58939,0.41364



-0.58372,-0.37526,-0.58927,0.41378



-0.58374,-0.37523,-0.58927,0.41377



-0.58376,-0.37518,-0.58922,0.41387



-0.58379,-0.37512,-0.58919,0.41392



-0.58380,-0.37513,-0.58921,0.41387



-0.58377,-0.37525,-0.58914,0.41390



-0.58384,-0.37532,-0.58910,0.41380



-0.58384,-0.37530,-0.58914,0.41376



-0.58384,-0.37530,-0.58914,0.41376



-0.58379,-0.37529,-0.58917,0.41379



-0.58386,-0.37528,-0.58915,0.41374



-0.58387,-0.37531,-0.58916,0.41367



-0.58393,-0.37530,-0.58915,0.41361



-0.58393,-0.37544,-0.58917,0.41346



-0.58392,-0.37551,-0.58927,0.41327



-0.58390,-0.37552,-0.58932,0.41321



-0.58381,-0.37553,-0.58936,0.41328



-0.58374,-0.37557,-0.58940,0.41327



-0.58373,-0.37565,-0.58937,0.41328



-0.58367,-0.37575,-0.58940,0.41321



-0.58370,-0.37577,-0.58947,0.41305



-0.58370,-0.37586,-0.58941,0.41307



-0.58366,-0.37594,-0.58949,0.41293



-0.58356,-0.37595,-0.58955,0.41297



-0.58345,-0.37586,-0.58972,0.41296



-0.58343,-0.37587,-0.58976,0.41294



-0.58339,-0.37596,-0.58971,0.41297



-0.58355,-0.37567,-0.58973,0.41300



-0.58340,-0.37590,-0.58975,0.41296



-0.58347,-0.37589,-0.58979,0.41282



-0.58275,-0.37696,-0.58976,0.41289



-0.58696,-0.36977,-0.59015,0.41289



-0.58613,-0.37342,-0.58831,0.41340



-0.58519,-0.37413,-0.58833,0.41406



-0.58366,-0.37517,-0.58866,0.41481



-0.58278,-0.37568,-0.58929,0.41468



-0.58231,-0.37590,-0.58980,0.41443



-0.58226,-0.37573,-0.59024,0.41403



-0.58240,-0.37546,-0.59051,0.41368



-0.58268,-0.37511,-0.59067,0.41339



-0.58310,-0.37466,-0.59074,0.41309



-0.58347,-0.37421,-0.59077,0.41294



-0.58388,-0.37382,-0.59068,0.41285



-0.58430,-0.37347,-0.59058,0.41270



-0.58468,-0.37303,-0.59047,0.41272



-0.58507,-0.37259,-0.59037,0.41271



-0.58542,-0.37231,-0.59025,0.41265



-0.58583,-0.37199,-0.59005,0.41263



-0.58616,-0.37168,-0.58989,0.41268



-0.58654,-0.37140,-0.58968,0.41269



-0.58687,-0.37111,-0.58951,0.41271



-0.58711,-0.37084,-0.58943,0.41275



-0.58727,-0.37060,-0.58934,0.41286



-0.58745,-0.37045,-0.58921,0.41292



-0.58758,-0.37027,-0.58919,0.41292



-0.58782,-0.36997,-0.58915,0.41290



-0.58787,-0.37001,-0.58916,0.41278



-0.58787,-0.37001,-0.58927,0.41264



-0.58788,-0.36994,-0.58932,0.41261



-0.58787,-0.36989,-0.58934,0.41264



-0.58789,-0.36980,-0.58937,0.41265



-0.58785,-0.36981,-0.58944,0.41259



-0.58782,-0.36972,-0.58948,0.41266



-0.58780,-0.36962,-0.58956,0.41267



-0.58787,-0.36958,-0.58960,0.41254



-0.58786,-0.36964,-0.58960,0.41250



-0.58981,-0.36557,-0.59015,0.41255



-0.59162,-0.36222,-0.59145,0.41106



-0.59621,-0.35581,-0.59301,0.40776



-0.59981,-0.35309,-0.59099,0.40777



-0.61106,-0.33690,-0.58889,0.40780



-0.61663,-0.33165,-0.58344,0.41154



-0.62481,-0.32118,-0.57769,0.41560



-0.63106,-0.31117,-0.57211,0.42146



-0.63455,-0.29993,-0.57970,0.41392



-0.63347,-0.29637,-0.58187,0.41511



-0.63266,-0.29458,-0.58313,0.41583



-0.63382,-0.29110,-0.58448,0.41463



-0.63322,-0.29142,-0.58486,0.41478



-0.63385,-0.28986,-0.58563,0.41382



-0.63448,-0.28838,-0.58640,0.41281



-0.63483,-0.28752,-0.58690,0.41214



-0.63534,-0.28668,-0.58723,0.41149



-0.63577,-0.28584,-0.58754,0.41095



-0.63626,-0.28503,-0.58786,0.41031



-0.63636,-0.28431,-0.58825,0.41010
0.13064,-0.59384,0.07071,-0.79075



0.13109,-0.59476,0.06972,-0.79007



0.13164,-0.59533,0.07045,-0.78949



0.13171,-0.59421,0.07120,-0.79025



0.13207,-0.59469,0.07113,-0.78984



0.13142,-0.59320,0.07123,-0.79105



0.13214,-0.59420,0.07063,-0.79024



0.13215,-0.59276,0.07114,-0.79127



0.13195,-0.59257,0.07202,-0.79137



0.13182,-0.59355,0.07079,-0.79076



0.13130,-0.59301,0.07053,-0.79128



0.13170,-0.59280,0.07015,-0.79140



0.13200,-0.59214,0.07085,-0.79178



0.13211,-0.59225,0.07109,-0.79166



0.13262,-0.59288,0.07140,-0.79108



0.13200,-0.59364,0.07163,-0.79060



0.13159,-0.59436,0.07104,-0.79018



0.13106,-0.59467,0.07089,-0.79004



0.13176,-0.59598,0.07080,-0.78895



0.13206,-0.59491,0.07101,-0.78968



0.13156,-0.59344,0.07116,-0.79086



0.13151,-0.59415,0.07080,-0.79037



0.13140,-0.59388,0.07111,-0.79056



0.13222,-0.59509,0.07128,-0.78950



0.13240,-0.59546,0.07126,-0.78919



0.13162,-0.59418,0.07144,-0.79026



0.13170,-0.59448,0.07136,-0.79004



0.13191,-0.59478,0.07150,-0.78976



0.13130,-0.59415,0.07064,-0.79041



0.13193,-0.59270,0.07165,-0.79131



0.13206,-0.59389,0.07102,-0.79045



0.13121,-0.59272,0.07106,-0.79147



0.13241,-0.59428,0.07098,-0.79010



0.13089,-0.59538,0.07048,-0.78957



0.13123,-0.59492,0.07150,-0.78977



0.13157,-0.59499,0.07102,-0.78970



0.13239,-0.59399,0.07206,-0.79023



0.13205,-0.59414,0.07169,-0.79021



0.13204,-0.59518,0.07200,-0.78940



0.13179,-0.59614,0.07160,-0.78875



0.13169,-0.59582,0.07156,-0.78901



0.13211,-0.59713,0.07169,-0.78794



0.13117,-0.59653,0.07129,-0.78858



0.13182,-0.59632,0.07220,-0.78855



0.13143,-0.59538,0.07128,-0.78941



0.13232,-0.59499,0.07219,-0.78947



0.13166,-0.59438,0.07136,-0.79012



0.13241,-0.59485,0.07187,-0.78959



0.13216,-0.59587,0.07108,-0.78893



0.13165,-0.59482,0.07176,-0.78975



0.13178,-0.59621,0.06976,-0.78886



0.13364,-0.59596,0.06896,-0.78881



0.13315,-0.60043,0.06479,-0.78585



0.13341,-0.59974,0.06774,-0.78608



0.12942,-0.59837,0.07070,-0.78753



0.12804,-0.59892,0.07091,-0.78732



0.13232,-0.61664,0.07357,-0.77255



0.13261,-0.61446,0.06278,-0.77518



0.13344,-0.61508,0.06454,-0.77441



0.12894,-0.61710,0.04872,-0.77472



0.11747,-0.61626,0.01386,-0.77861



0.10037,-0.61479,-0.01935,-0.78204



0.09641,-0.61633,-0.05523,-0.77961



0.10737,-0.61130,-0.07545,-0.78044



0.10055,-0.60561,-0.08695,-0.78458



0.10005,-0.59545,-0.11232,-0.78918



0.10113,-0.59201,-0.13115,-0.78873



0.10353,-0.59166,-0.15549,-0.78425



0.12555,-0.57974,-0.17748,-0.78526



0.13642,-0.56941,-0.20535,-0.78422



0.14047,-0.56708,-0.21877,-0.78155



0.14556,-0.55780,-0.24873,-0.77834



0.13488,-0.55603,-0.28034,-0.77074



0.12214,-0.55636,-0.30731,-0.76231



0.11552,-0.55692,-0.32712,-0.75464



0.09832,-0.55945,-0.34121,-0.74895



0.09206,-0.55507,-0.36520,-0.74165



0.07684,-0.55718,-0.39891,-0.72424



0.04789,-0.55998,-0.44859,-0.69491



0.03960,-0.53689,-0.48531,-0.68895



0.04391,-0.51976,-0.50856,-0.68504



0.06681,-0.49707,-0.53382,-0.68080



0.10476,-0.46774,-0.55029,-0.68369



0.12990,-0.44449,-0.56146,-0.68580



0.15205,-0.42669,-0.57263,-0.68331



0.16646,-0.40353,-0.57973,-0.68801



0.17427,-0.38937,-0.58471,-0.69002



0.18509,-0.37444,-0.58965,-0.69126



0.19178,-0.36056,-0.59599,-0.69138



0.19704,-0.35178,-0.59808,-0.69262



0.20159,-0.34347,-0.60400,-0.69035



0.20700,-0.33212,-0.61334,-0.68604



0.21446,-0.32437,-0.61164,-0.68898



0.22592,-0.31583,-0.60647,-0.69383



0.23336,-0.31277,-0.60336,-0.69547



0.24946,-0.30277,-0.59568,-0.70090



0.26237,-0.30020,-0.58420,-0.70693



0.26717,-0.30009,-0.58348,-0.70578



0.27427,-0.29021,-0.58935,-0.70230



0.27564,-0.27105,-0.59662,-0.70328



0.27002,-0.25060,-0.60068,-0.70955



0.28064,-0.21986,-0.61023,-0.70748



0.28644,-0.19311,-0.61082,-0.71243



0.26859,-0.19570,-0.61316,-0.71666



0.24933,-0.21565,-0.60794,-0.72231



0.21814,-0.23226,-0.60601,-0.72885



0.17526,-0.25205,-0.61127,-0.72945



0.11392,-0.29977,-0.60185,-0.73139



0.07845,-0.32103,-0.60590,-0.72365



0.03493,-0.37478,-0.60927,-0.69793



-0.00303,-0.41950,-0.60310,-0.67844



-0.02091,-0.45422,-0.60099,-0.65731



-0.03504,-0.48472,-0.61046,-0.62542



-0.05249,-0.51839,-0.61098,-0.59600



-0.05805,-0.54004,-0.61737,-0.56907



-0.06345,-0.55420,-0.62897,-0.54151



-0.05199,-0.56992,-0.63603,-0.51764



-0.04944,-0.58772,-0.64397,-0.48728



-0.02033,-0.59762,-0.65992,-0.45490



-0.00079,-0.60014,-0.66992,-0.43708



0.01712,-0.60304,-0.68069,-0.41559



0.04864,-0.61234,-0.69114,-0.38079



0.09010,-0.61426,-0.69740,-0.35805



0.12566,-0.62784,-0.69812,-0.32040



0.14449,-0.63294,-0.69664,-0.30531



0.17337,-0.63931,-0.69017,-0.29134



0.20133,-0.64274,-0.68472,-0.27841



0.23602,-0.64521,-0.67899,-0.25880



0.26175,-0.64763,-0.67280,-0.24371



0.28801,-0.64809,-0.66441,-0.23579



0.31716,-0.64589,-0.65916,-0.21851



0.35416,-0.64723,-0.64339,-0.20423



0.36528,-0.64946,-0.63672,-0.19840



0.37210,-0.64902,-0.63383,-0.19642



0.35468,-0.64605,-0.64244,-0.20999



0.30314,-0.64260,-0.66170,-0.23944



0.21819,-0.62851,-0.68350,-0.30034



0.14714,-0.61880,-0.68456,-0.35610



0.07007,-0.61914,-0.67292,-0.39866



-0.01838,-0.62850,-0.64626,-0.43243



-0.08427,-0.62672,-0.60453,-0.48442



-0.19201,-0.60838,-0.56162,-0.52686



-0.26977,-0.57129,-0.52911,-0.56647



-0.33834,-0.55489,-0.49405,-0.57752



-0.43656,-0.54780,-0.42878,-0.57051



-0.53559,-0.51998,-0.36061,-0.55922